0 10.976 0.042
1 3.679 0.299
2 87.155 0.535
3 43.741 1.391
4 64.161 0.405
5 23.853 0.484
6 36.771 0.501
7 42.229 0.124
8 25.918 1.185
9 81.167 0.417
10 35.749 0.733
11 14.471 0.202
12 57.109 0.121
13 46.521 1.711
14 14.124 0.497
15 59.030 0.302
16 17.456 0.824
17 52.530 0.405
18 26.531 0.171
19 69.066 0.295
20 28.861 0.171
21 34.727 0.135
22 41.227 1.158
23 6.602 0.258
24 12.652 1.058
25 20.583 1.366
26 34.891 0.877
27 11.038 0.249
28 14.001 0.364
29 33.971 0.639
30 21.237 0.429
31 30.435 0.703
32 20.583 1.134
33 18.600 0.332
34 80.472 0.536
35 54.370 0.915
36 1.840 0.292
37 20.154 0.553
38 2.596 1.088
39 12.448 0.458
40 31.845 0.387
41 31.886 1.380
42 47.359 0.362
43 23.853 1.142
44 34.462 0.257
45 14.574 0.725
46 25.713 0.963
47 42.004 0.258
48 28.227 0.169
49 37.262 0.768
50 32.193 0.606
51 54.840 0.563
52 47.870 0.985
53 55.147 0.792
54 55.147 0.413
55 60.992 0.590
56 37.793 0.775
57 25.059 0.552
58 16.250 1.086
59 51.447 0.773
60 15.902 0.938
61 79.777 0.670
62 23.261 0.174
63 91.938 0.401
64 14.349 0.695
65 85.643 0.630
66 36.158 0.938
67 1.226 0.136
68 18.764 0.610
69 65.714 0.869
70 6.398 0.243
71 20.338 0.440
72 33.419 0.329
73 42.985 0.055
74 11.589 0.192
75 26.388 0.290
76 20.889 1.006
77 20.849 0.290
78 19.009 0.314
79 17.394 0.760
80 31.825 0.837
81 65.489 0.458
82 32.969 0.563
83 13.225 0.557
84 25.509 1.101
85 60.420 0.981
86 78.284 0.271
87 nan 0.000
88 31.028 1.084
89 27.573 1.466
90 23.853 0.617
91 44.538 0.910
92 45.254 0.750
93 4.088 0.252
94 13.817 0.674
95 34.318 0.842
96 51.059 0.785
97 10.138 0.740
98 30.149 0.578
99 31.763 1.352
100 18.743 1.297
101 32.397 0.639
102 50.568 0.333
103 43.823 0.633
104 18.396 0.212
105 62.791 0.416
106 63.323 0.997
107 43.823 0.273
108 2.391 0.182
109 35.197 0.603
110 75.566 0.463
111 34.278 0.498
112 12.816 0.122
113 79.756 0.448
114 35.504 0.826
115 38.468 1.093
116 8.953 0.552
117 10.240 1.043
118 2.248 0.675
119 37.303 0.815
120 35.197 0.363
121 55.515 0.256
122 34.278 1.376
123 86.236 0.773
124 30.414 0.759
125 2.371 0.636
126 73.583 0.889
127 48.442 1.028
128 23.690 0.543
129 71.437 1.166
130 59.194 0.504
131 58.581 0.321
132 78.693 0.715
133 87.298 0.394
134 42.106 0.757
135 25.325 0.491
136 86.399 0.582
137 24.650 1.145
138 42.249 1.112
139 27.798 0.579
140 18.110 1.121
141 30.251 0.567
142 15.718 0.771
143 17.742 0.786
144 39.612 0.781
145 51.161 0.229
146 15.923 0.216
147 76.138 0.509
148 42.576 0.867
149 14.328 0.701
150 1.880 0.241
151 15.330 0.345
152 3.229 0.608
153 33.419 0.459
154 14.758 1.087
155 43.271 0.339
156 29.536 0.641
157 20.174 0.245
158 25.304 0.646
159 38.222 0.510
160 75.913 0.503
161 23.077 0.708
162 32.029 0.637
163 6.255 0.030
164 17.864 0.153
165 32.806 0.765
166 14.308 0.583
167 27.287 1.002
168 62.689 0.417
169 21.544 1.334
170 47.032 0.487
171 65.367 0.993
172 10.792 1.137
173 14.696 1.076
174 21.666 0.982
175 76.711 0.359
176 24.589 0.105
177 72.602 0.645
178 16.495 0.196
179 62.791 0.353
180 34.993 1.006
181 2.044 0.315
182 32.315 0.840
183 65.223 0.211
184 35.647 0.726
185 40.634 0.206
186 44.416 0.810
187 72.868 0.478
188 54.288 0.290
189 36.935 0.221
190 9.218 1.087
191 19.275 0.565
192 31.089 0.400
193 8.155 1.106
194 68.167 0.492
195 41.861 1.398
196 15.371 0.149
197 47.523 0.782
198 14.553 0.864
199 29.229 0.598
200 9.688 0.127
201 75.014 0.416
202 47.359 1.090
203 23.690 0.521
204 59.766 0.580
205 52.592 0.979
206 45.254 0.258
207 33.787 0.525
208 41.881 0.429
209 22.116 0.181
210 15.800 0.740
211 31.600 1.045
212 38.774 1.286
213 60.870 0.513
214 14.901 0.114
215 50.936 0.264
216 53.082 0.636
217 68.964 0.687
218 17.905 0.666
219 33.194 0.483
220 53.184 0.371
221 21.544 0.637
222 46.664 0.220
223 39.020 1.022
224 91.611 0.203
225 21.114 0.735
226 35.116 0.768
227 46.112 1.096
228 37.998 0.838
229 64.794 0.866
230 58.908 1.021
231 15.861 0.245
232 31.620 0.795
233 4.395 0.891
234 50.405 0.671
235 33.113 0.099
236 18.989 0.390
237 43.986 1.184
238 12.959 0.966
239 44.743 0.807
240 55.698 0.881
241 19.418 0.653
242 33.276 1.164
243 11.385 0.765
244 14.390 0.983
245 13.797 0.041
246 25.550 0.268
247 15.350 1.058
248 42.535 0.726
249 34.339 0.089
250 16.209 0.903
251 12.734 0.613
252 79.899 0.671
253 30.230 0.456
254 11.181 0.473
255 45.049 0.488
256 23.444 0.843
257 36.587 1.560
258 22.341 1.266
259 41.697 0.060
260 60.972 0.494
261 72.071 0.326
262 23.199 0.418
263 36.301 1.542
264 12.959 1.405
265 64.263 0.353
266 79.429 0.225
267 26.408 0.713
268 38.999 0.179
269 21.687 1.389
270 11.937 0.229
271 12.448 0.384
272 43.578 0.369
273 45.867 0.440
274 16.372 0.879
275 78.571 0.438
276 41.023 0.462
277 22.239 0.228
278 13.020 0.328
279 46.950 0.505
280 48.831 0.230
281 12.652 0.816
282 4.435 0.110
283 4.497 0.606
284 31.518 0.273
285 51.611 0.493
286 21.360 0.174
287 10.077 0.835
288 18.294 0.619
289 71.805 0.331
290 13.572 1.000
291 12.693 0.369
292 43.394 0.852
293 41.697 1.222
294 45.847 1.216
295 42.719 1.045
296 31.968 0.916
297 26.797 1.607
298 50.282 0.174
299 49.526 0.115
300 25.611 1.288
301 10.567 0.618
302 65.857 0.711
303 14.921 0.722
304 14.185 0.749
305 67.819 0.290
306 12.550 0.077
307 56.066 0.305
308 18.621 0.440
309 39.449 1.137
310 42.964 1.313
311 45.519 0.636
312 17.905 0.381
313 19.724 0.299
314 41.125 0.525
315 64.978 0.308
316 9.770 0.178
317 15.943 0.975
318 36.117 0.263
319 39.122 1.154
320 4.190 0.585
321 19.357 0.348
322 1.513 0.877
323 72.704 0.605
324 15.166 0.948
325 22.055 0.633
326 nan 0.000
327 53.695 0.541
328 17.905 0.432
329 22.688 1.114
330 18.518 0.876
331 44.968 0.903
332 54.145 0.765
333 26.367 1.485
334 10.036 0.216
335 26.797 0.343
336 9.750 0.410
337 13.552 0.642
338 24.119 0.691
339 81.861 0.434
340 49.853 0.786
341 83.497 0.373
342 19.009 0.048
343 29.556 0.739
344 33.051 0.224
345 17.231 0.565
346 10.159 0.414
347 83.619 0.424
348 40.185 1.477
349 65.714 0.501
350 15.166 0.545
351 38.509 0.589
352 38.468 1.158
353 30.353 1.332
354 25.999 0.580
355 24.589 0.962
356 45.887 0.480
357 34.053 0.524
358 22.831 0.997
359 24.242 0.566
360 40.716 0.642
361 38.018 0.376
362 33.256 0.494
363 13.817 1.211
364 5.539 0.830
365 61.442 0.319
366 45.703 0.343
367 43.700 0.640
368 90.875 0.870
369 8.605 0.114
370 26.510 0.144
371 25.325 1.158
372 35.586 0.104
373 22.770 1.021
374 30.905 0.438
375 17.415 0.484
376 10.935 0.213
377 18.396 0.477
378 2.391 0.127
379 43.148 0.576
380 18.028 0.296
381 14.901 0.642
382 38.018 0.548
383 33.276 0.642
384 18.335 1.269
385 35.504 0.599
386 46.255 1.203
387 9.177 0.098
388 22.668 1.477
389 25.652 0.938
390 2.984 0.532
391 54.554 0.191
392 21.135 1.380
393 9.872 0.688
394 14.758 0.313
395 77.917 0.360
396 30.619 1.444
397 65.653 0.641
398 70.109 0.335
399 39.183 0.664
400 39.674 0.821
401 46.235 0.393
402 55.617 0.496
403 74.176 1.470
404 65.612 0.442
405 25.591 0.149
406 41.697 0.156
407 40.900 1.179
408 79.388 0.766
409 17.251 0.547
410 14.758 1.338
411 10.097 1.055
412 18.989 0.610
413 16.945 0.802
414 22.198 0.306
415 16.638 0.386
416 30.087 0.963
417 40.042 0.340
418 11.487 0.106
419 19.745 0.965
420 32.377 1.131
421 6.255 0.409
422 14.042 1.354
423 43.230 0.758
424 64.263 0.990
425 4.762 0.774
426 15.677 0.391
427 2.473 0.139
428 43.251 0.433
429 12.611 0.297
430 22.198 0.548
431 13.633 0.798
432 12.182 0.984
433 76.465 0.494
434 19.868 0.416
435 19.724 0.793
436 65.857 0.340
437 70.926 0.355
438 18.621 0.581
439 20.889 1.213
440 16.045 0.535
441 34.686 1.418
442 18.702 1.060
443 14.206 0.602
444 12.080 0.393
445 5.968 0.209
446 19.234 0.972
447 38.120 0.919
448 46.276 1.168
449 71.233 1.045
450 58.805 0.914
451 11.303 0.081
452 55.617 0.522
453 77.773 0.655
454 16.536 0.871
455 51.263 0.362
456 60.645 0.452
457 2.371 0.212
458 5.457 0.190
459 2.146 0.829
460 27.062 0.183
461 59.766 0.920
462 14.921 1.192
463 17.292 0.279
464 83.354 0.459
465 6.214 0.950
466 43.966 0.766
467 41.943 0.250
468 75.382 0.190
469 50.098 0.184
470 20.869 0.462
471 17.619 0.672
472 65.346 0.670
473 30.639 0.975
474 54.431 0.847
475 26.224 0.850
476 17.905 1.278
477 39.776 0.324
478 30.476 1.024
479 65.653 0.519
480 17.313 0.545
481 43.864 0.278
482 21.319 0.314
483 79.388 0.317
484 53.491 1.204
485 12.570 1.157
486 25.488 0.834
487 12.938 1.226
488 30.108 0.405
489 19.213 0.865
490 69.230 0.298
491 41.493 0.708
492 32.806 1.416
493 49.607 0.347
494 87.360 0.334
495 35.790 1.349
496 23.424 0.439
497 11.262 0.101
498 54.697 0.953
499 43.741 0.370
500 12.264 0.197
501 17.803 0.474
502 44.252 0.132
503 14.471 0.620
504 35.422 1.282
505 74.810 0.575
506 10.956 1.335
507 26.633 0.069
508 41.309 0.823
509 52.408 0.879
510 14.226 1.043
511 25.141 0.596
512 4.088 0.383
513 17.129 1.441
514 7.951 0.991
515 16.556 1.460
516 38.672 0.403
517 57.661 0.795
518 83.067 0.236
519 30.701 0.240
520 38.917 0.475
521 10.016 0.215
522 31.825 0.473
523 31.028 0.908
524 47.666 1.106
525 46.214 1.489
526 16.372 0.450
527 11.692 0.895
528 24.385 1.066
529 22.361 0.284
530 37.384 0.329
531 54.063 0.541
532 13.511 1.437
533 55.433 0.345
534 32.990 0.947
535 59.664 0.864
536 13.429 1.169
537 76.752 0.314
538 42.433 0.647
539 42.658 1.016
540 14.390 0.819
541 16.188 1.236
542 9.872 0.149
543 38.345 1.279
544 32.050 1.510
545 82.699 0.347
546 65.305 0.312
547 4.579 0.396
548 15.616 1.467
549 47.359 0.331
550 46.889 0.157
551 23.874 1.636
552 11.651 0.405
553 9.852 0.119
554 31.007 0.824
555 40.369 0.983
556 11.099 0.065
557 14.921 0.966
558 16.781 0.267
559 20.460 0.911
560 35.054 0.089
561 68.923 0.675
562 38.018 0.077
563 1.553 0.774
564 20.072 0.489
565 50.241 1.152
566 81.269 0.501
567 57.415 0.357
568 48.197 0.425
569 60.400 0.678
570 30.987 0.535
571 45.254 0.914
572 23.363 1.208
573 2.698 0.514
574 30.762 1.084
575 54.595 0.381
576 53.184 0.327
577 12.898 0.975
578 37.998 0.512
579 48.810 0.606
580 40.123 0.948
581 11.365 0.081
582 44.211 1.180
583 43.741 0.252
584 62.301 0.149
585 15.555 0.558
586 53.941 0.499
587 16.393 0.543
588 11.794 0.327
589 52.224 0.363
590 18.191 1.315
591 31.293 0.177
592 67.778 0.928
593 56.455 0.598
594 13.245 1.032
595 20.011 1.026
596 16.372 1.258
597 5.662 1.051
598 16.393 0.846
599 13.000 0.652
600 17.108 0.778
601 35.913 0.224
602 16.004 1.133
603 54.779 0.215
604 12.938 1.384
605 94.084 0.235
606 28.779 0.431
607 84.212 0.321
608 40.246 0.536
609 2.575 0.103
610 46.398 0.485
611 65.469 0.494
612 13.552 1.090
613 32.806 1.108
614 36.955 0.251
615 16.454 0.398
616 57.906 0.368
617 41.166 0.267
618 36.996 1.054
619 13.184 0.119
620 56.884 0.247
621 31.089 0.572
622 7.604 0.264
623 31.334 1.009
624 10.772 0.785
625 45.683 0.428
626 13.879 1.661
627 71.785 0.491
628 1.533 0.458
629 30.782 0.420
630 42.903 1.532
631 14.103 0.237
632 40.614 0.372
633 18.723 0.551
634 45.090 0.350
635 11.548 0.679
636 85.398 0.366
637 30.680 0.698
638 8.483 0.729
639 53.532 0.901
640 23.281 0.391
641 15.698 0.516
642 25.999 0.819
643 29.045 0.613
644 73.645 0.371
645 8.891 0.102
646 39.163 0.471
647 20.481 0.560
648 8.135 0.250
649 7.747 0.539
650 57.375 0.233
651 16.107 1.469
652 16.618 1.392
653 51.897 0.234
654 21.687 0.550
655 20.706 0.325
656 36.771 1.028
657 39.592 0.655
658 14.594 0.413
659 55.637 0.195
660 41.309 0.925
661 28.309 0.503
662 96.476 0.249
663 2.432 0.691
664 27.676 1.369
665 15.882 1.100
666 28.043 1.439
667 50.650 1.054
668 51.304 0.525
669 72.377 0.340
670 10.874 1.380
671 17.292 1.213
672 45.683 0.813
673 8.421 0.105
674 24.650 0.094
675 41.881 0.888
676 2.105 0.339
677 13.020 0.842
678 31.620 0.202
679 24.201 0.510
680 56.087 0.224
681 47.379 0.900
682 14.410 0.388
683 18.314 1.332
684 65.346 0.513
685 36.792 0.236
686 45.887 1.643
687 12.387 0.947
688 64.569 0.611
689 14.921 0.616
690 8.953 0.217
691 40.123 0.105
692 38.447 0.468
693 74.156 0.243
694 37.487 0.730
695 19.213 0.513
696 21.094 0.795
697 24.283 0.870
698 53.838 0.254
699 61.442 0.449
700 34.891 0.699
701 31.028 0.434
702 31.191 0.500
703 78.346 0.353
704 28.125 1.257
705 50.609 0.336
706 3.454 0.284
707 10.506 1.235
708 12.427 0.170
709 73.502 0.451
710 21.728 0.656
711 39.899 0.318
712 36.178 0.867
713 51.386 0.649
714 14.124 0.890
715 21.380 0.426
716 37.752 0.148
717 22.872 1.191
718 15.391 0.818
719 2.391 0.789
720 53.777 1.129
721 40.941 0.780
722 12.489 0.250
723 16.209 0.346
724 13.736 0.265
725 52.408 0.397
726 46.664 1.052
727 43.005 0.828
728 7.869 0.620
729 28.738 0.960
730 42.658 0.358
731 54.963 0.539
732 14.390 0.939
733 32.765 0.433
734 27.430 0.902
735 51.794 0.493
736 11.201 0.164
737 10.383 0.315
738 43.966 1.043
739 42.270 1.132
740 17.108 1.044
741 68.105 0.406
742 9.382 0.812
743 42.310 0.129
744 3.046 0.947
745 10.813 0.631
746 30.149 1.153
747 13.429 1.346
748 76.097 0.354
749 22.872 0.537
750 9.811 0.186
751 30.455 0.497
752 40.655 0.588
753 1.880 0.580
754 62.301 0.390
755 3.189 0.414
756 17.619 1.352
757 40.430 0.745
758 77.426 0.336
759 24.364 1.137
760 31.886 0.071
761 28.902 0.635
762 1.737 0.114
763 15.780 0.969
764 32.458 0.278
765 33.562 0.354
766 18.151 0.470
767 20.522 0.553
768 76.833 0.233
769 12.632 0.345
770 54.656 0.393
771 10.976 0.744
772 26.715 1.012
773 19.132 0.743
774 18.478 0.788
775 11.344 1.691
776 27.267 1.415
777 14.001 0.411
778 24.283 0.886
779 3.127 0.313
780 16.413 1.739
781 51.140 0.870
782 44.170 1.332
783 46.541 1.781
784 52.592 0.339
785 3.924 1.055
786 17.456 0.901
787 1.431 0.079
788 29.433 1.392
789 36.955 1.003
790 11.876 0.848
791 45.642 1.400
792 79.981 0.475
793 29.433 0.988
794 17.824 0.864
795 22.116 0.986
796 13.184 0.712
797 7.481 0.838
798 33.807 1.356
799 62.914 0.553
800 14.308 1.148
801 1.983 0.345
802 33.828 0.810
803 14.839 0.458
804 49.853 0.293
805 13.654 1.245
806 54.677 0.650
807 91.407 0.409
808 11.610 0.852
809 5.641 1.026
810 59.868 0.584
811 52.612 0.901
812 82.475 0.566
813 63.854 0.509
814 38.795 1.013
815 55.085 0.873
816 14.369 0.695
817 53.041 0.332
818 37.977 0.431
819 12.857 0.938
820 14.512 0.600
821 49.934 1.073
822 36.853 0.231
823 17.374 0.149
824 47.155 0.610
825 17.926 0.895
826 17.026 0.990
827 31.600 1.472
828 31.866 0.369
829 11.262 0.805
830 57.886 0.302
831 12.734 1.549
832 32.213 1.335
833 25.795 1.561
834 1.186 0.775
835 63.629 0.534
836 16.924 1.050
837 nan 0.000
838 38.468 0.763
839 14.839 0.675
840 28.084 1.183
841 8.155 0.914
842 43.578 1.354
843 34.870 1.190
844 52.489 1.326
845 68.412 0.725
846 52.040 0.242
847 93.103 0.935
848 39.449 0.264
849 45.928 1.865
850 49.096 0.482
851 47.645 1.170
852 38.406 1.130
853 33.092 0.885
854 1.247 0.569
855 29.985 1.364
856 11.876 1.538
857 24.977 1.031
858 20.092 0.834
859 15.514 0.470
860 10.220 0.854
861 11.324 0.849
862 34.237 0.983
863 16.045 0.579
864 48.197 0.295
865 16.883 0.628
866 80.635 0.503
867 45.274 1.496
868 37.323 0.958
869 78.836 0.300
870 49.035 0.884
871 61.503 0.482
872 6.766 0.961
873 34.421 0.659
874 43.721 1.105
875 30.190 1.892
876 40.450 1.518
877 25.345 1.424
878 19.888 1.201
879 11.957 0.844
880 20.971 0.901
881 66.327 0.270
882 35.524 0.962
883 11.181 0.405
884 52.980 0.611
885 18.294 1.315
886 9.729 0.276
887 18.314 0.954
888 31.743 1.132
889 7.093 1.048
890 11.426 0.629
891 8.605 1.309
892 39.592 0.604
893 54.145 0.684
894 81.964 0.363
895 13.000 0.714
896 48.381 0.377
897 11.140 0.844
898 64.917 0.796
899 18.682 1.469
900 32.765 0.361
901 15.432 1.251
902 7.972 1.505
903 13.102 0.351
904 41.248 0.826
905 59.173 0.826
906 20.133 1.225
907 54.533 0.371
908 6.316 0.996
909 39.408 0.300
910 48.115 0.809
911 48.810 1.411
912 49.464 0.345
913 56.843 0.378
914 29.433 1.047
915 53.246 1.395
916 35.770 0.895
917 15.698 0.372
918 36.383 0.633
919 29.822 0.557
920 21.952 0.762
921 27.205 1.063
922 6.357 0.714
923 86.726 0.769
924 66.368 0.542
925 11.140 1.171
926 38.856 1.908
927 70.333 0.696
928 nan 0.000
929 22.259 0.108
930 13.470 0.280
931 57.231 0.803
932 52.122 1.328
933 17.864 0.660
934 49.301 0.279
935 71.110 0.874
936 22.034 0.227
937 54.554 0.556
938 53.798 0.201
939 52.387 0.319
940 5.233 0.391
941 47.073 0.962
942 69.638 0.581
943 6.132 0.573
944 34.462 1.651
945 33.153 1.482
946 10.670 0.330
947 20.338 1.612
948 40.655 0.081
949 26.306 1.325
950 42.944 0.264
951 52.837 1.071
952 12.509 0.774
953 47.073 0.241
954 19.438 0.849
955 23.117 0.689
956 6.684 0.786
957 29.127 0.927
958 12.366 1.109
959 10.997 1.761
960 84.314 0.384
961 8.176 0.831
962 12.141 1.292
963 59.173 0.693
964 1.145 0.426
965 33.337 1.136
966 27.962 1.105
967 44.681 0.780
968 20.583 0.946
969 49.178 0.999
970 39.817 1.232
971 14.553 0.838
972 41.411 1.305
973 9.791 0.666
974 49.423 1.027
975 68.269 0.536
976 27.532 1.318
977 52.735 0.494
978 50.589 0.892
979 34.891 1.011
980 7.583 0.320
981 45.540 1.053
982 64.120 0.749
983 73.890 0.445
984 2.494 1.115
985 15.412 0.755
986 35.013 0.704
987 27.348 0.284
988 45.192 1.236
989 23.669 1.147
990 53.920 0.895
991 14.512 0.877
992 50.323 0.770
993 51.876 0.639
994 32.704 1.042
995 30.108 0.439
996 5.601 0.688
997 37.732 1.379
998 26.572 1.106
999 36.833 1.046
