779
336
376
542
301
640
497
736
347
552
281
487
271
397
387
536
458
47
112
268
108
443
94
503
166
646
540
689
28
64
816
451
732
60
454
245
440
406
2
413
394
143
140
868
377
228
766
68
110
412
308
695
104
25
313
481
583
77
231
470
426
76
191
33
269
423
556
782
936
655
967
482
329
157
433
553
768
647
430
743
710
221
551
256
359
460
146
246
128
11
591
17
713
203
307
389
135
811
368
884
333
576
267
300
167
342
475
139
130
335
704
653
761
260
450
343
98
7
701
499
31
522
199
349
72
80
26
296
164
48
122
994
9
326
456
152
40
207
153
249
853
111
792
999
69
201
289
882
447
126
997
468
894
669
530
520
694
217
383
120
192
119
407
318
253
115
399
145
176
608
29
705
507
508
175
21
361
852
610
6
261
382
73
70
379
295
239
155
265
502
727
483
589
42
224
466
842
370
525
138
255
490
92
52
681
674
910
227
579
279
455
668
96
550
680
121
484
932
367
285
391
509
356
682
141
163
54
518
625
457
905
53
531
417
229
592
106
452
847
464
568
461
273
280
748
845
935
